(10000, 3, 5036, 5049, 5063, 5078)
(10001, 4, 5079, 5064, 5050, 5037, 5024, 5009)
(10002, 4, 5040, 5055, 5069, 5083, 5097)
(10003, 5, 5012, 5019, 5018, 5025, 5031, 5037, 5042, 5049, 5063, 5078)
(10004, 7, 5038, 5051, 5058, 5066, 5074, 5082, 5095)
(10005, 6, 5059, 5058, 5051, 5038, 5025, 5010)
(10006, 2, 5058, 5051, 5038, 5025, 5010)
(10007, 6, 5089, 5083, 5069, 5055, 5040, 5029)
(10008, 7, 5034, 5040, 5055, 5069, 5083, 5089, 5096)
(10009, 7, 5051, 5038, 5025, 5010, 5002, 5001)
(10010, 4, 5092, 5079, 5064, 5050, 5043, 5038, 5025, 5018, 5019, 5020, 5013)
(10011, 6, 5037, 5043, 5051, 5058, 5066, 5074, 5082, 5088, 5096)
(10012, 5, 5058, 5051, 5038, 5025, 5010, 5002)
(10013, 2, 5028, 5020, 5019, 5018, 5025, 5031, 5037, 5042, 5049, 5063, 5070, 5077, 5090)
(10014, 4, 5030, 5036, 5042, 5043, 5051, 5065, 5080, 5087)
(10015, 3, 5090, 5077, 5062, 5048)
(10016, 5, 5036, 5042, 5043, 5051, 5065, 5080, 5087)
(10017, 7, 5068, 5054, 5046, 5039, 5027, 5019, 5018, 5010, 5002, 5001)
(10018, 1, 5012, 5027, 5039, 5053, 5060, 5068)
(10019, 6, 5048, 5035, 5022, 5007)
(10020, 7, 5008, 5023, 5036, 5049, 5063, 5078, 5091)
(10021, 3, 5047, 5055, 5069, 5083, 5097)
(10022, 7, 5014, 5029, 5040, 5055, 5069, 5083, 5089, 5096)
(10023, 10, 5000, 5008, 5023, 5036, 5049, 5063)
(10024, 7, 5052, 5066, 5081, 5094)
(10025, 9, 5081, 5066, 5058, 5051, 5038, 5025, 5010, 5002, 5001, 5000)
(10026, 4, 5009, 5024, 5037, 5050)
(10027, 8, 5013, 5020, 5027, 5039, 5053, 5067)
(10028, 8, 5049, 5041, 5035, 5022, 5007)
(10029, 4, 5033, 5039, 5053, 5067, 5082, 5095)
(10030, 7, 5051, 5038, 5025, 5010, 5002)
(10031, 1, 5000, 5008, 5023, 5036, 5042, 5043, 5051, 5065, 5080, 5087, 5094)
(10032, 2, 5037, 5042, 5049, 5063, 5070, 5077, 5090)
(10033, 2, 5081, 5066, 5058, 5051, 5038, 5025, 5010, 5002, 5001, 5000)
(10034, 8, 5086, 5079, 5064, 5050, 5037, 5024, 5016)
(10035, 3, 5058, 5051, 5038, 5025, 5010, 5002)
(10036, 4, 5092, 5079, 5064, 5050, 5043, 5038, 5025)
(10037, 4, 5019, 5018, 5025, 5031, 5037, 5042, 5049, 5063, 5070, 5077)
(10038, 2, 5010, 5025, 5031, 5037, 5042, 5049, 5063, 5070)
(10039, 2, 5055, 5040, 5029, 5021, 5020, 5019, 5018, 5010, 5002, 5001)
(10040, 5, 5103, 5102, 5101, 5100, 5092, 5079, 5064, 5050)
(10041, 3, 5042, 5043, 5051, 5058, 5066, 5074, 5082, 5088, 5096)
(10042, 6, 5066, 5058, 5051, 5038, 5025, 5010)
(10043, 9, 5034, 5040, 5055, 5069, 5083, 5089)
(10044, 8, 5055, 5069, 5083, 5097)
(10045, 2, 5089, 5088, 5082, 5067, 5059, 5058, 5051, 5038)
(10046, 8, 5087, 5081, 5066, 5058, 5051, 5038, 5025, 5010, 5003)
(10047, 7, 5094, 5081, 5066, 5052, 5045, 5039, 5027)
(10048, 7, 5068, 5054, 5046, 5039, 5027, 5019, 5018, 5010)
(10049, 2, 5079, 5064, 5050, 5043, 5038, 5025, 5018, 5019, 5020, 5013)
(10050, 10, 5011, 5019, 5020, 5021, 5029, 5040, 5055, 5069)
(10051, 7, 5102, 5101, 5100, 5099, 5091, 5078, 5063, 5049)
(10052, 9, 5036, 5049, 5063, 5078, 5085, 5092)
(10053, 5, 5070, 5063, 5049, 5042, 5043, 5038, 5025, 5018, 5019, 5012)
(10054, 7, 5049, 5041, 5035, 5030, 5023, 5008)
(10055, 6, 5019, 5027, 5039, 5053, 5060, 5068)
(10056, 10, 5018, 5019, 5027, 5039, 5053, 5067, 5082)
(10057, 1, 5014, 5021, 5020, 5027, 5039, 5045, 5052, 5066)
(10058, 1, 5091, 5078, 5063, 5049, 5041, 5035)
(10059, 6, 5054, 5046, 5039, 5027, 5019, 5018, 5010, 5002, 5001, 5000)
(10060, 2, 5076, 5069, 5055, 5040, 5029, 5014)
(10061, 7, 5050, 5037, 5024, 5016, 5008, 5000)
(10062, 4, 5050, 5037, 5024, 5016, 5008, 5000)
(10063, 2, 5067, 5059, 5058, 5051, 5038, 5025, 5010)
(10064, 10, 5081, 5066, 5052, 5045, 5039, 5027, 5020, 5021)
(10065, 3, 5022, 5035, 5048, 5062, 5077)
(10066, 4, 5063, 5049, 5041, 5035, 5022)
(10067, 5, 5035, 5048, 5062, 5077, 5090)
(10068, 1, 5045, 5053, 5067, 5082, 5088, 5089, 5097)
(10069, 8, 5051, 5038, 5025, 5010, 5002, 5001, 5000)
(10070, 9, 5096, 5088, 5082, 5067, 5060, 5054, 5046, 5039)
(10071, 9, 5065, 5051, 5038, 5025, 5010)
(10072, 6, 5065, 5051, 5038, 5025, 5010, 5003)
(10073, 3, 5088, 5082, 5067, 5059, 5058, 5051, 5038, 5031, 5024)
(10074, 8, 5045, 5053, 5067, 5082, 5088, 5089, 5097)
(10075, 3, 5077, 5070, 5063, 5049, 5042, 5043, 5038, 5025, 5010)
(10076, 5, 5065, 5051, 5038, 5025, 5010)
(10077, 3, 5043, 5051, 5058, 5066, 5074, 5082, 5095)
(10078, 3, 5030, 5036, 5042, 5043, 5051, 5058, 5066, 5074, 5082, 5088, 5096)
(10079, 2, 5065, 5051, 5038, 5025, 5018, 5019, 5020, 5021, 5014)
(10080, 6, 5077, 5062, 5048, 5035)
(10081, 10, 5051, 5065, 5080, 5087, 5094)
(10082, 1, 5036, 5049, 5063, 5078, 5091)
(10083, 5, 5043, 5051, 5058, 5066, 5074, 5082, 5095)
(10084, 2, 5041, 5049, 5063, 5078, 5085, 5092, 5100)
(10085, 2, 5059, 5058, 5051, 5038, 5025, 5010, 5002, 5001)
(10086, 10, 5090, 5077, 5070, 5063, 5049, 5042, 5043, 5038, 5025, 5018)
(10087, 3, 5042, 5043, 5051, 5058, 5066, 5074, 5082, 5088, 5089, 5097)
(10088, 1, 5039, 5053, 5067, 5082, 5088, 5089)
(10089, 5, 5062, 5048, 5035, 5022)
(10090, 7, 5037, 5043, 5051, 5065, 5080, 5093)
(10091, 6, 5039, 5053, 5067, 5082, 5088, 5089, 5097)
(10092, 3, 5013, 5020, 5019, 5018, 5025, 5031, 5037, 5042, 5049, 5063, 5070)
(10093, 10, 5038, 5051, 5058, 5066, 5074, 5082, 5088, 5096)
(10094, 10, 5041, 5049, 5063, 5078, 5085, 5092)
(10095, 3, 5062, 5048, 5035, 5022, 5007)
(10096, 3, 5092, 5079, 5064, 5050, 5043, 5038, 5025, 5010, 5003)
(10097, 5, 5063, 5049, 5042, 5043, 5038, 5025, 5018, 5019, 5020, 5013)
(10098, 2, 5021, 5020, 5019, 5018, 5025, 5038, 5051, 5065, 5080, 5093)
(10099, 2, 5022, 5030, 5036, 5049, 5063)
(10100, 6, 5068, 5054, 5046, 5039, 5027, 5019, 5018, 5010, 5002, 5001, 5000)
(10101, 5, 5096, 5103, 5102, 5101, 5100, 5099, 5091, 5078, 5063, 5049, 5041, 5035, 5030)
(10102, 1, 5088, 5082, 5067, 5059, 5058, 5051, 5038, 5031)
(10103, 8, 5012, 5020, 5021, 5029, 5040, 5055)
(10104, 2, 5007, 5022, 5035, 5048, 5062, 5077)
(10105, 10, 5065, 5051, 5038, 5025, 5010, 5002)
(10106, 7, 5040, 5055, 5061, 5060, 5067, 5082, 5095, 5102)
(10107, 5, 5050, 5037, 5024, 5016, 5008, 5000)
(10108, 9, 5042, 5043, 5051, 5065, 5080, 5087, 5094)
(10109, 8, 5047, 5055, 5069, 5083, 5097)
(10110, 3, 5102, 5094, 5081, 5066, 5058, 5051, 5038, 5025, 5010, 5002, 5001)
(10111, 3, 5088, 5082, 5067, 5059, 5058, 5051, 5038, 5031, 5024)
(10112, 6, 5100, 5092, 5079, 5064, 5050, 5037)
(10113, 6, 5050, 5037, 5024, 5016, 5008, 5000)
(10114, 2, 5046, 5053, 5067, 5082, 5088, 5096)
(10115, 2, 5023, 5036, 5049, 5063, 5078)
(10116, 8, 5069, 5055, 5040, 5029, 5021, 5013)
(10117, 8, 5095, 5082, 5067, 5060, 5054, 5046, 5039, 5033)
(10118, 6, 5096, 5088, 5082, 5067, 5060, 5054, 5046, 5039)
(10119, 6, 5050, 5037, 5024, 5009)
(10120, 2, 5076, 5069, 5055, 5040, 5029, 5021, 5013)
(10121, 3, 5038, 5051, 5058, 5066, 5074, 5082, 5088, 5089, 5097)
(10122, 2, 5100, 5099, 5091, 5078, 5063, 5049, 5041, 5035, 5022, 5007)
(10123, 4, 5038, 5051, 5058, 5066, 5074, 5082)
(10124, 3, 5055, 5040, 5029, 5021, 5020, 5019, 5018, 5010, 5002, 5001)
(10125, 3, 5038, 5051, 5065, 5080, 5093, 5100)
(10126, 8, 5063, 5049, 5041, 5035, 5030, 5023)
(10127, 4, 5003, 5010, 5025, 5031, 5037, 5042, 5049, 5063, 5078)
(10128, 7, 5036, 5042, 5043, 5051, 5058, 5066, 5074, 5082, 5088, 5096)
(10129, 1, 5045, 5053, 5067, 5082, 5088, 5089, 5097)
(10130, 5, 5037, 5043, 5051, 5058, 5066, 5074, 5082, 5088, 5089, 5097)
(10131, 10, 5066, 5058, 5051, 5038, 5031, 5024)
(10132, 2, 5025, 5038, 5051, 5065, 5080, 5093)
(10133, 10, 5054, 5046, 5039, 5027, 5012)
(10134, 2, 5022, 5035, 5048, 5062, 5077)
(10135, 6, 5038, 5051, 5065, 5080, 5087, 5094)
(10136, 9, 5013, 5020, 5019, 5018, 5025, 5031, 5037, 5042, 5049, 5063)
(10137, 10, 5028, 5020, 5019, 5018, 5025, 5031, 5037, 5042, 5049, 5063, 5070, 5077, 5090)
(10138, 10, 5027, 5039, 5053, 5067)
(10139, 9, 5070, 5063, 5049, 5042, 5043, 5038, 5025, 5018, 5019, 5012)
(10140, 2, 5067, 5059, 5058, 5051, 5038, 5031, 5024, 5016, 5015)
(10141, 8, 5030, 5036, 5049, 5063, 5078, 5085, 5092)
(10142, 7, 5007, 5022, 5035, 5048, 5062, 5077, 5090)
(10143, 3, 5089, 5088, 5082, 5067, 5059, 5058, 5051, 5038, 5025, 5010)
(10144, 9, 5020, 5027, 5039, 5053, 5067, 5082, 5088, 5096)
(10145, 6, 5093, 5087, 5081, 5066, 5058, 5051)
(10146, 6, 5051, 5038, 5025, 5010, 5002, 5001, 5000)
(10147, 8, 5038, 5051, 5058, 5066, 5074, 5082, 5088)
(10148, 2, 5010, 5025, 5038, 5051)
(10149, 8, 5069, 5055, 5047, 5046, 5045, 5044, 5038, 5031, 5024)
(10150, 3, 5051, 5038, 5025, 5010)
(10151, 2, 5036, 5049, 5063, 5070, 5077, 5090)
(10152, 4, 5013, 5020, 5019, 5018, 5025, 5038, 5051, 5065, 5080, 5086)
(10153, 2, 5038, 5051, 5058, 5066, 5074, 5082, 5095)
(10154, 5, 5002, 5010, 5018, 5019, 5027, 5039, 5053, 5060)
(10155, 9, 5008, 5023, 5036, 5042, 5043, 5051, 5065, 5080, 5087)
(10156, 5, 5070, 5063, 5049, 5042, 5043, 5038, 5025, 5010, 5003)
(10157, 9, 5009, 5024, 5037, 5050)
(10158, 9, 5079, 5064, 5050, 5043, 5038, 5025, 5018, 5019, 5020, 5013)
(10159, 6, 5077, 5070, 5063, 5049, 5042, 5043, 5038, 5025, 5018, 5019, 5020, 5021, 5014)
(10160, 4, 5019, 5018, 5025, 5031, 5037, 5042, 5049, 5063, 5078, 5091)
(10161, 5, 5002, 5010, 5025, 5038, 5051, 5058, 5066)
(10162, 9, 5040, 5055, 5069, 5083, 5097)
(10163, 1, 5099, 5091, 5078, 5063, 5049, 5041, 5035, 5030)
(10164, 5, 5049, 5041, 5035, 5022, 5007)
(10165, 7, 5050, 5037, 5024, 5016, 5008)
(10166, 4, 5097, 5089, 5088, 5082, 5067, 5059, 5058, 5051, 5038, 5025, 5010)
(10167, 2, 5019, 5018, 5025, 5031, 5037, 5042, 5049, 5063, 5070, 5077)
(10168, 10, 5053, 5067, 5082, 5088, 5089, 5097)
(10169, 4, 5088, 5082, 5067, 5060, 5054, 5046, 5039, 5027, 5019)
(10170, 10, 5058, 5051, 5038, 5025, 5010, 5002, 5001)
(10171, 2, 5019, 5020, 5021, 5029, 5040, 5055, 5069)
(10172, 5, 5030, 5036, 5042, 5043, 5051, 5065, 5080)
(10173, 3, 5019, 5018, 5025, 5031, 5037, 5042, 5049, 5063, 5070, 5077)
(10174, 5, 5071, 5063, 5049, 5041, 5035, 5022)
(10175, 8, 5037, 5043, 5051, 5065, 5080, 5093)
(10176, 10, 5086, 5079, 5071, 5063, 5049, 5041, 5035, 5030)
(10177, 4, 5000, 5008, 5023, 5036, 5042, 5043, 5051, 5058, 5066, 5074, 5082, 5088, 5089, 5097)
(10178, 5, 5013, 5020, 5027, 5039, 5053, 5060)
(10179, 8, 5059, 5058, 5051, 5038, 5025, 5010, 5002)
(10180, 8, 5048, 5035, 5022, 5007)
(10181, 4, 5101, 5100, 5099, 5091, 5078, 5063, 5049, 5041, 5035, 5022)
(10182, 9, 5077, 5070, 5063, 5049, 5042, 5043, 5038, 5025, 5010)
(10183, 10, 5020, 5027, 5039, 5053, 5067, 5082)
(10184, 3, 5081, 5066, 5058, 5051, 5038, 5025, 5010, 5002, 5001, 5000)
(10185, 6, 5036, 5049, 5063, 5078)
(10186, 5, 5053, 5067, 5082, 5088, 5089, 5097)
(10187, 6, 5025, 5038, 5051, 5065, 5080, 5087)
(10188, 1, 5000, 5008, 5023, 5036, 5049, 5063, 5078, 5085)
(10189, 8, 5051, 5058, 5066, 5074, 5082, 5088, 5096)
(10190, 10, 5038, 5051, 5058, 5066, 5074, 5082, 5088, 5089)
(10191, 6, 5047, 5055, 5069, 5083, 5097)
(10192, 1, 5087, 5081, 5066, 5058, 5051, 5038, 5025)
(10193, 2, 5054, 5046, 5039, 5027, 5012)
(10194, 2, 5022, 5030, 5036, 5042, 5043, 5051, 5058, 5066, 5074, 5082, 5088, 5089, 5097)
(10195, 9, 5091, 5078, 5063, 5049, 5041, 5035)
(10196, 2, 5034, 5040, 5055, 5069, 5083)
(10197, 8, 5042, 5043, 5051, 5058, 5066, 5074, 5082, 5095)
(10198, 6, 5053, 5067, 5082, 5088, 5089, 5097)
(10199, 1, 5002, 5010, 5025, 5038, 5051)
(10200, 2, 5065, 5051, 5038, 5025, 5018, 5019, 5012)
(10201, 4, 5049, 5041, 5035, 5030, 5023, 5008)
(10202, 7, 5069, 5055, 5040, 5029, 5014)
(10203, 4, 5048, 5035, 5022, 5007)
(10204, 3, 5077, 5070, 5063, 5049, 5042, 5037, 5024)
(10205, 7, 5097, 5083, 5069, 5055, 5040, 5029, 5014)
(10206, 4, 5092, 5079, 5064, 5050, 5043, 5038, 5025, 5018, 5019, 5020)
(10207, 4, 5062, 5048, 5035, 5022, 5007)
(10208, 4, 5104, 5103, 5102, 5101, 5100, 5099, 5091, 5078, 5063, 5049, 5041, 5035)
(10209, 4, 5065, 5051, 5038, 5025, 5010, 5002)
(10210, 3, 5041, 5042, 5043, 5051, 5058, 5066, 5074, 5082, 5088, 5089, 5097)
(10211, 2, 5023, 5036, 5042, 5043, 5051, 5058, 5066)
(10212, 8, 5042, 5043, 5051, 5058, 5066, 5074, 5082, 5095)
(10213, 3, 5062, 5048, 5035, 5022, 5007)
(10214, 3, 5014, 5029, 5040, 5055, 5069, 5076)
(10215, 9, 5055, 5069, 5083, 5097)
(10216, 8, 5070, 5063, 5049, 5042, 5043, 5038, 5025, 5018, 5019, 5020, 5013)
(10217, 10, 5022, 5030, 5036, 5042, 5043, 5051, 5058, 5066, 5074, 5075)
(10218, 6, 5055, 5040, 5029, 5021, 5020, 5019, 5018, 5010, 5002)
(10219, 5, 5010, 5018, 5019, 5027, 5039, 5053, 5067, 5082, 5088, 5096)
(10220, 1, 5021, 5020, 5019, 5018, 5025, 5031, 5037, 5042, 5049, 5063, 5078)
(10221, 9, 5051, 5038, 5025, 5010, 5002, 5001)
(10222, 10, 5103, 5102, 5101, 5100, 5099, 5091, 5078, 5063, 5049, 5041)
(10223, 5, 5041, 5049, 5063, 5078, 5085, 5092)
(10224, 4, 5017, 5018, 5019, 5027, 5039, 5053, 5060, 5068)
(10225, 6, 5091, 5078, 5063, 5049, 5041, 5035, 5022)
(10226, 3, 5012, 5019, 5018, 5025, 5038, 5051, 5065, 5080)
(10227, 9, 5081, 5066, 5058, 5051, 5038, 5025, 5010, 5002, 5001, 5000)
(10228, 10, 5021, 5020, 5027, 5039, 5053, 5067, 5082, 5095)
(10229, 1, 5094, 5081, 5066, 5052, 5045, 5039)
(10230, 8, 5082, 5067, 5060, 5054, 5046, 5039, 5027, 5020, 5013)
(10231, 6, 5012, 5019, 5018, 5025, 5038, 5051, 5065, 5080, 5093, 5100)
(10232, 6, 5103, 5102, 5101, 5100, 5099, 5091, 5078, 5063, 5049, 5041, 5035, 5030)
(10233, 1, 5036, 5042, 5043, 5051, 5058, 5066, 5074, 5082, 5088)
(10234, 7, 5050, 5037, 5024, 5016, 5008)
(10235, 7, 5104, 5103, 5102, 5101, 5100, 5099, 5091, 5078, 5063, 5049, 5041, 5035)
(10236, 1, 5014, 5021, 5020, 5019, 5018, 5025, 5031, 5037, 5042, 5049, 5063, 5070, 5077)
(10237, 10, 5042, 5043, 5051, 5065, 5080, 5087, 5094)
(10238, 8, 5037, 5043, 5051, 5065, 5080)
(10239, 1, 5002, 5010, 5018, 5019, 5027, 5039, 5053, 5067, 5082)
(10240, 1, 5013, 5020, 5019, 5018, 5025, 5031, 5037, 5042, 5049, 5063, 5078)
(10241, 5, 5019, 5018, 5025, 5031, 5037, 5042, 5049, 5063, 5078, 5091)
(10242, 6, 5017, 5018, 5019, 5027, 5039, 5053, 5067, 5082, 5088, 5096)
(10243, 2, 5030, 5036, 5042, 5043, 5051, 5058, 5066, 5074, 5082, 5088, 5096)
(10244, 8, 5090, 5077, 5070, 5063, 5049, 5042, 5037, 5024, 5009)
(10245, 2, 5079, 5064, 5050, 5043, 5038, 5025, 5018, 5019, 5020, 5021)
(10246, 5, 5023, 5036, 5042, 5043, 5051, 5058, 5066, 5074, 5075, 5076)
(10247, 8, 5011, 5019, 5027, 5039, 5053, 5067)
(10248, 6, 5039, 5053, 5067, 5082, 5095)
(10249, 2, 5065, 5051, 5038, 5025, 5010, 5002, 5001)
(10250, 5, 5037, 5042, 5049, 5063, 5070, 5077, 5090)
(10251, 9, 5053, 5067, 5082, 5088, 5089, 5097)
(10252, 9, 5010, 5025, 5038, 5051, 5065, 5080, 5087, 5094)
(10253, 5, 5054, 5046, 5039, 5027, 5020, 5013)
(10254, 1, 5036, 5042, 5043, 5051, 5058, 5066, 5074, 5082)
(10255, 9, 5034, 5040, 5055, 5069, 5083, 5097)
(10256, 4, 5028, 5020, 5019, 5018, 5025, 5031, 5037, 5042, 5049, 5063, 5070, 5077, 5090)
(10257, 8, 5018, 5025, 5038, 5051, 5058, 5066)
(10258, 3, 5021, 5020, 5019, 5018, 5025, 5031, 5037, 5042, 5049, 5063, 5070, 5077)
(10259, 7, 5049, 5041, 5035, 5030, 5023, 5008)
(10260, 5, 5022, 5030, 5036, 5042, 5043, 5051, 5058, 5066, 5074, 5082, 5088, 5096)
(10261, 2, 5102, 5095, 5082, 5067, 5060, 5061, 5055, 5040, 5029)
(10262, 3, 5088, 5082, 5067, 5059, 5058, 5051, 5038, 5031, 5024, 5016)
(10263, 5, 5043, 5051, 5065, 5080, 5087, 5094)
(10264, 7, 5023, 5036, 5049, 5063, 5078, 5085, 5092)
(10265, 6, 5020, 5019, 5018, 5025, 5038, 5051, 5065, 5080)
(10266, 10, 5087, 5081, 5066, 5052, 5045, 5039, 5027)
(10267, 9, 5053, 5067, 5082, 5088, 5096)
(10268, 6, 5002, 5010, 5018, 5019, 5027, 5039, 5053)
(10269, 5, 5039, 5045, 5052, 5058, 5065, 5072, 5071, 5070, 5077, 5090)
(10270, 3, 5008, 5023, 5036, 5042, 5043, 5051, 5058, 5066, 5074, 5082)
(10271, 10, 5033, 5039, 5053, 5067, 5082, 5088)
(10272, 9, 5091, 5078, 5063, 5049, 5042, 5037, 5024)
(10273, 10, 5070, 5063, 5049, 5042, 5043, 5038, 5025, 5018, 5019, 5020, 5013)
(10274, 7, 5055, 5069, 5083, 5097)
(10275, 1, 5071, 5063, 5049, 5041, 5035, 5022)
(10276, 4, 5040, 5055, 5061, 5060, 5067, 5082, 5095, 5102, 5101, 5100)
(10277, 6, 5048, 5035, 5022, 5007)
(10278, 10, 5041, 5049, 5063, 5078, 5091)
(10279, 5, 5088, 5082, 5067, 5060, 5054, 5046, 5039, 5033)
(10280, 4, 5023, 5036, 5049, 5063, 5078, 5085, 5092, 5100)
(10281, 7, 5101, 5100, 5099, 5091, 5078, 5063, 5049, 5041)
(10282, 9, 5035, 5048, 5062, 5077)
(10283, 4, 5023, 5036, 5042, 5043, 5051, 5058, 5066, 5074, 5082, 5088)
(10284, 9, 5032, 5031, 5037, 5042, 5049, 5063, 5078, 5091)
(10285, 10, 5014, 5021, 5020, 5019, 5018, 5025, 5031, 5037, 5042, 5049, 5063, 5078, 5091)
(10286, 6, 5083, 5069, 5055, 5040, 5029, 5021)
(10287, 3, 5020, 5019, 5018, 5025, 5031, 5037, 5042, 5049, 5063, 5078, 5091)
